%YAML:1.0
---
fx: 3.0099016719666849e+02
fy: 3.0099016719666849e+02
cx: 6.5759910863369032e+02
cy: 4.4280971934807542e+02
k1: 0.
k2: 0.
p1: 0.
p2: 0.
width: 1280
height: 800
